236254081
240600680
291756340
217461091
69393886
200682009
82269200
235951244
139358933
183397973
270471524
18001408
12445374
273052111
69602704
70290391
199845377
289730326
200285095
206543769
274801538
286838407
208654419
226115075
215054884
229667102
283433207
244222148
225064845
278193814
164812826
220548854
64963739
221732544
217555014
187092190
87130970
262031579
187387351
245466051
283071346
210822587
212266630
176555398
100108684
235096841
259523697
150862243
174329635
146910488
89336953
45043061
180636736
137508994
152334622
226919192
69560067
280330942
70847121
259929268
17963521
190390496
11128525
58294778
188855333
224898934
135506129
145945475
178504351
220011028
219875194
99917031
95318151
171210231
56825282
164370753
231311696
86471564
25409411
26411461
254622907
140316787
49530829
8292018
63249499
172028286
240152565
205638773
272495912
174502511
271418349
179474467
249756827
237420072
90107539
265457559
281933643
281619712
277070347
274818435
56914060
98589264
151525164
112341910
69394280
283430991
105721797
250506272
202019206
153617097
10001174
218506330
240517016
250266912
182443824
115284033
149303105
254508517
228451878
186678490
222411047
264660053
41550558
225435895
207035466
229968856
150395596
146420906
280888491
221871566
215587500
152776292
191636974
90823665
254411301
182823418
169883891
242877349
293463723
271992016
158006324
263107325
97792319
212472207
116482606
145336906
228710626
287328997
285824882
166716712
231643296
241071379
226566541
282465547
214573698
264915426
74711686
188086926
2829636
278041021
266095433
216032116
212941013
42343431
143751707
136152624
152237369
210184022
175012278
202019961
206716674
266088566
174931882
212642052
68196169
139338571
33574274
179286015
192357285
162691588
224776188
224243906
199935390
253059404
261889728
250858308
262285410
178422159
281773267
97223934
29607136
23555058
42687310
242921936
88847677
93404063
218431946
169943891
231172445
286427925
224366963
220687646
180278168
158166781
185965349
267362560
175467629
223466857
256275643
253968145
143268360
228790125
171552096
90583060
245219595
153243072
277902183
170669723
245258658
236233839
272508775
187881820
182599643
146530898
73336957
180477057
284017504
285409848
81241506
155989145
258185362
205655198
145366544
86057796
174295320
292389518
18061108
194005572
80500715
31944789
201143699
47466338
220789264
242989896
248234337
171461115
236622734
158062632
223386080
203836994
124419743
222417067
145544719
147149173
292851988
54308164
282757036
254784230
266585883
177024726
288425427
176430438
285126632
196390132
146985889
91781766
93097459
122182339
249658021
231644976
170524374
250537665
213207896
163034789
85722657
189080583
144026566
215648814
180037244
229648410
151282462
263558574
197330154
42531039
187219885
175433085
11261973
214967666
244432168
232388100
186147101
171524567
256994596
218701985
228792469
189181473
212295452
219457084
175351324
32929524
261531990
269182528
18355071
157507086
166265301
85615325
224489246
150554419
282013810
190598312
160022844
129388853
109633989
171856491
24162509
248280140
265368599
276672513
246238793
178338510
235573498
257163301
249496456
231032322
192226937
169165005
67197007
12294977
169783164
26400537
224912528
206921465
179763982
234478937
100424211
189760534
67076605
259507096
190407965
182545331
89054216
201268745
234450457
216039283
145235674
58413517
115915840
161595815
168519904
167965792
177050981
251304857
77785151
291891798
256361630
225981105
95072401
150940826
138829105
249683464
218907159
224942262
215762663
36839034
122230373
279068730
77712245
220590807
96690075
165576680
184780613
179924727
156078280
284911036
107969212
188307342
280046751
69639922
220615637
210290864
226682464
253975416
184455968
206037520
163517213
213664615
80509856
197094817
253114146
172546465
197147541
189050807
261873915
135675686
152511824
169515606
211978617
85431598
167372168
256993526
46458078
221854311
250859865
172269986
151271733
234575234
114265184
203632663
140908114
275517040
223920178
222862015
203909931
252492373
161207764
57416454
127906126
223264668
275517581
242501107
234276915
207280867
231330191
197920324
248102968
165200030
90632300
233733348
125840351
247855446
272500960
161677167
245715754
205800880
110491669
233370845
155257633
279034818
159382297
193515896
279723653
241660264
234114808
290457358
277238863
216683037
158081505
142784730
146352239
245973696
52718021
227368813
248270544
247513049
174497298
179904552
291812457
227593436
275383116
259614854
212329391
194431779
234956199
198930119
284684634
202055437
246821908
213372943
220398781
150701472
64452397
175278359
258200072
255408013
288912151
146314037
248604975
76448166
165344887
58756736
240889811
174152223
227008312
173125898
105984756
254848515
211286179
12529722
192674605
9712554
253998219
239101802
239617554
272344144
42531769
14368552
69163408
206840163
50367737
112944187
45446305
222176313
96918857
254986245
227272356
25790397
200071232
127950618
73966557
174334491
53830782
55233570
177938663
254467610
283084925
270248555
166754401
250528871
115635701
233244579
234344148
194949093
275705147
282033354
287037586
163662373
222717260
241298717
93128151
173879399
189336113
231525622
189313174
178550656
270465708
185742805
259405697
261999109
260520474
163075719
172431645
257994618
268810300
227179771
142619632
151227985
188312860
192724817
275386332
116934166
79233759
218815448
52186922
189989962
281616041
284686958
293538999
248748955
29100031
253482153
253205539
251860995
214509933
257706192
70511370
186390933
258551955
196488769
109479804
165602567
249754642
165478332
275831997
98887283
188192345
62705924
82376800
226098874
214310980
166518326
112063584
242479860
27713336
126865806
187522117
183679008
202333743
156076484
202528244
93022750
205393490
182261482
11786549
211115028
293861394
246132700
185659523
279714595
157161736
262388767
151684328
265345701
194322586
237753890
213372319
260358833
225583940
182270265
210582218
54357465
215059987
229095633
240349351
171401108
237781582
240153688
283806571
256662783
38207616
185860356
162703306
272744962
170352631
195299677
55224082
211395883
259657160
269296945
110547778
234748977
167006962
80082868
278090976
194299446
62405853
204563315
265435017
227246059
274725832
218274552
203125552
98111217
137612701
84351108
237675349
24380449
235798927
136086818
198031527
272939695
232790067
90539511
206819033
162329942
265838217
54547510
250970157
249026173
186311814
5877207
239951756
213578690
34220779
61602251
246635085
73075028
270834650
192120563
171105459
224657455
171041973
272622316
144430577
198225103
263015940
287545276
81335307
204922879
165077644
250900208
188840232
223672896
194097108
257014776
22680735
205162895
267773884
128978481
279972871
249673090
9843548
88517500
247114869
207335215
155233917
163654415
46179120
246457918
266967035
182316734
230736365
285971209
82216418
155806202
156055537
223922531
287367483
44101202
134983018
284004449
268823702
178462136
17733273
226746067
155431917
200288429
178862431
256438079
265707994
138412896
157660745
113631762
192811875
286987208
118535565
202137963
150827161
152769018
240334944
164622444
181063482
210111638
90140720
175708222
245615582
141144090
177238047
208186868
238221825
287558851
249409875
253994565
161820340
279997774
280596256
167506527
55503380
6416604
245939969
185660196
212734636
241778117
219747212
197251290
233112806
158009417
181066885
91935645
231064663
182809378
212656793
192835808
158541523
20841578
84850003
181149018
248655509
79063859
115641272
194066800
217113480
45144317
150784127
40208933
270375582
214294652
173518251
205662269
231565163
175144162
236299500
272338180
221472054
153444102
235272847
277630420
208860881
266065807
175847808
280115232
78783162
254070076
226451648
202986765
78371950
183847507
34741078
251866497
177828711
17365584
50642532
192940366
194619352
241506918
3443097
55669017
211956897
8903807
274004759
210192292
217885165
291195369
201059704
93145017
284416302
200291140
252673314
15373534
239179038
276139128
264197375
30873085
195346888
192032074
197016407
62031629
59937599
270641489
173495754
99957352
281582079
272798102
126054186
10626836
169064744
196714553
242137072
55658971
3406343
134691056
104429218
41756037
171462526
219525894
84374825
176929065
140164899
181976648
264540552
239119296
151376028
278566998
195608027
38450050
147872155
38192485
169201523
192342036
189416298
243524466
88571885
196293322
207750515
286990969
151347405
175278128
284160222
259738018
44104189
74228484
243521835
175465849
231316196
263460861
288929198
106639821
